header: 
  seq: 0
  stamp: 
    secs: 0
    nsecs:         0
  frame_id: front_6mm
height: 1080
width: 1920
distortion_model: plumb_bob
D: [-3.691481e-01, 1.968681e-01, 1.353473e-03, 5.677587e-04, -6.770705e-02]
K: [9.597910e+02, 0.000000e+00, 6.960217e+02, 0.000000e+00, 9.569251e+02, 2.241806e+02, 0.000000e+00, 0.000000e+00, 1.000000e+00]
R: [9.998817e-01, 1.511453e-02, -2.841595e-03, -1.511724e-02, 9.998853e-01, -9.338510e-04, 2.827154e-03, 9.766976e-04, 9.999955e-01]
P: [7.215377e+02, 0.000000e+00, 6.095593e+02, 4.485728e+01, 0.000000e+00, 7.215377e+02, 1.728540e+02, 2.163791e-01, 0.000000e+00, 0.000000e+00, 1.000000e+00, 2.745884e-03]
binning_x: 0
binning_y: 0
roi: 
  x_offset: 0
  y_offset: 0
  height: 0
  width: 0
  do_rectify: False
